{
 "cells": [
  {
   "cell_type": "code",
   "execution_count": 1,
   "metadata": {},
   "outputs": [],
   "source": [
    "cities =[11003.611100\t,\t42102.500000\t,\n",
    "11108.611100\t,\t42373.888900\t,\n",
    "11133.333300\t,\t42885.833300\t,\n",
    "11155.833300\t,\t42712.500000\t,\n",
    "11183.333300\t,\t42933.333300\t,\n",
    "11297.500000\t,\t42853.333300\t,\n",
    "11310.277800\t,\t42929.444400\t,\n",
    "11416.666700\t,\t42983.333300\t,\n",
    "11423.888900\t,\t43000.277800\t,\n",
    "11438.333300\t,\t42057.222200\t,\n",
    "11461.111100\t,\t43252.777800\t,\n",
    "11485.555600\t,\t43187.222200\t,\n",
    "11503.055600\t,\t42855.277800\t,\n",
    "11511.388900\t,\t42106.388900\t,\n",
    "11522.222200\t,\t42841.944400\t,\n",
    "11569.444400\t,\t43136.666700\t,\n",
    "11583.333300\t,\t43150.000000\t,\n",
    "11595.000000\t,\t43148.055600\t,\n",
    "11600.000000\t,\t43150.000000\t,\n",
    "11690.555600\t,\t42686.666700\t,\n",
    "11715.833300\t,\t41836.111100\t,\n",
    "11751.111100\t,\t42814.444400\t,\n",
    "11770.277800\t,\t42651.944400\t,\n",
    "11785.277800\t,\t42884.444400\t,\n",
    "11822.777800\t,\t42673.611100\t,\n",
    "11846.944400\t,\t42660.555600\t,\n",
    "11963.055600\t,\t43290.555600\t,\n",
    "11973.055600\t,\t43026.111100\t,\n",
    "12058.333300\t,\t42195.555600\t,\n",
    "12149.444400\t,\t42477.500000\t,\n",
    "12286.944400\t,\t43355.555600\t,\n",
    "12300.000000\t,\t42433.333300\t,\n",
    "12355.833300\t,\t43156.388900\t,\n",
    "12363.333300\t,\t43189.166700\t,\n",
    "12372.777800\t,\t42711.388900\t,\n",
    "12386.666700\t,\t43334.722200\t,\n",
    "12421.666700\t,\t42895.555600\t,\n",
    "12645.000000\t,\t42973.333300\t]"
   ]
  },
  {
   "cell_type": "code",
   "execution_count": 2,
   "metadata": {},
   "outputs": [],
   "source": [
    "from math import sqrt\n",
    "import numpy as np\n",
    "\n",
    "coordinates = np.reshape(cities, (int(len(cities)/2), 2))\n",
    "coordinates.tolist()\n",
    "x = coordinates[:,0]\n",
    "y = coordinates[:,1]\n",
    "\n",
    "cost_matrix = np.empty([len(x),len(y)])\n",
    "for i in range(len(x)):\n",
    "    for j in range(len(x)):\n",
    "        if i == j:\n",
    "            cost_matrix[i][j] = int(999999999)\n",
    "            \n",
    "        else:\n",
    "            cost_matrix[i][j] = sqrt((x[i]-x[j])**2 + (y[i]-y[j])**2)\n",
    "\n",
    "cost_matrix = cost_matrix.tolist()\n",
    "\n",
    "n = len(cost_matrix)"
   ]
  },
  {
   "cell_type": "code",
   "execution_count": 3,
   "metadata": {},
   "outputs": [
    {
     "data": {
      "text/plain": [
       "[[999999999.0,\n",
       "  290.99301545433866,\n",
       "  794.0018312710164,\n",
       "  628.7062892741252,\n",
       "  850.0494347752532,\n",
       "  806.3010169484456,\n",
       "  881.9759098638978,\n",
       "  972.873183452112,\n",
       "  991.2811948915838,\n",
       "  437.07375847296123,\n",
       "  1237.9197337359349,\n",
       "  1186.9678817276742,\n",
       "  903.3931728506114,\n",
       "  507.7926916725464,\n",
       "  903.1807647058093,\n",
       "  1178.8418412907574,\n",
       "  1197.2193112261596,\n",
       "  1201.2191072966534,\n",
       "  1205.3779366004712,\n",
       "  901.7446864102617,\n",
       "  760.410092131903,\n",
       "  1032.2892417783694,\n",
       "  943.2215951621602,\n",
       "  1105.6400293858078,\n",
       "  998.6000054737141,\n",
       "  1011.2552138704898,\n",
       "  1527.0919609740627,\n",
       "  1338.9847283010597,\n",
       "  1058.8192781887758,\n",
       "  1205.6363263392866,\n",
       "  1793.625572849654,\n",
       "  1337.936789400792,\n",
       "  1714.40563803204,\n",
       "  1740.6001775427158,\n",
       "  1498.45358451041,\n",
       "  1852.3537304910717,\n",
       "  1624.7519408767353,\n",
       "  1858.0926127166258],\n",
       " [290.99301545433866,\n",
       "  999999999.0,\n",
       "  512.5409796925513,\n",
       "  341.88801268259067,\n",
       "  564.4124767084799,\n",
       "  515.311506988317,\n",
       "  591.0256944238062,\n",
       "  682.8768039571414,\n",
       "  701.258258572444,\n",
       "  457.1591933470562,\n",
       "  946.943476952674,\n",
       "  896.4363964995716,\n",
       "  622.3517788385158,\n",
       "  483.5144322280772,\n",
       "  624.6199589538123,\n",
       "  891.1774809552447,\n",
       "  909.7854729088903,\n",
       "  914.280176659268,\n",
       "  918.5921241696027,\n",
       "  660.6734089193326,\n",
       "  811.1249979785335,\n",
       "  779.0349148659847,\n",
       "  717.716993646619,\n",
       "  847.6701843695707,\n",
       "  774.5111184235717,\n",
       "  792.0314758756632,\n",
       "  1253.1373597771085,\n",
       "  1082.8933889137445,\n",
       "  966.3203521926514,\n",
       "  1045.9776376348116,\n",
       "  1533.6684373676678,\n",
       "  1192.8709686024595,\n",
       "  1472.3686583776635,\n",
       "  1496.3307422978671,\n",
       "  1308.4432335370493,\n",
       "  1598.9455109791097,\n",
       "  1412.8875236834144,\n",
       "  1649.1890251679974],\n",
       " [794.0018312710164,\n",
       "  512.5409796925513,\n",
       "  999999999.0,\n",
       "  174.78753642319424,\n",
       "  68.96557112066861,\n",
       "  167.35278721577936,\n",
       "  182.23963378875635,\n",
       "  299.6398931310044,\n",
       "  312.28208445508204,\n",
       "  882.9616951166189,\n",
       "  492.02291842260115,\n",
       "  463.56856845616534,\n",
       "  370.9827727773074,\n",
       "  866.290718744418,\n",
       "  391.35765239282057,\n",
       "  503.10067193233965,\n",
       "  521.8084374450942,\n",
       "  530.9394282836606,\n",
       "  536.247941047591,\n",
       "  591.7465894898323,\n",
       "  1200.509453179288,\n",
       "  621.8888849433229,\n",
       "  678.5295230301026,\n",
       "  651.945979451871,\n",
       "  721.3681312291859,\n",
       "  748.3253598271941,\n",
       "  923.1680427931743,\n",
       "  851.3585627044166,\n",
       "  1154.169962837921,\n",
       "  1095.088056474044,\n",
       "  1245.5752121652474,\n",
       "  1251.3462505992854,\n",
       "  1252.080901016927,\n",
       "  1266.8508797627137,\n",
       "  1251.6603042645434,\n",
       "  1331.294804353554,\n",
       "  1288.370083738694,\n",
       "  1514.1969693170336],\n",
       " [628.7062892741252,\n",
       "  341.88801268259067,\n",
       "  174.78753642319424,\n",
       "  999999999.0,\n",
       "  222.53897723520097,\n",
       "  199.75853493099984,\n",
       "  266.30429262708105,\n",
       "  376.01162075719003,\n",
       "  393.2809007111861,\n",
       "  713.5791793296975,\n",
       "  620.5599377543508,\n",
       "  577.9947770439853,\n",
       "  375.4315194414697,\n",
       "  702.7022486334963,\n",
       "  388.5829110171599,\n",
       "  592.4453826574238,\n",
       "  611.688237585128,\n",
       "  618.5273406085212,\n",
       "  623.450324716324,\n",
       "  535.3459605770639,\n",
       "  1040.0276458071712,\n",
       "  603.9439707987818,\n",
       "  617.4212696948571,\n",
       "  652.5069005547831,\n",
       "  668.0773253325242,\n",
       "  693.0604398135636,\n",
       "  992.8525158897713,\n",
       "  875.3309143749582,\n",
       "  1040.0662299543046,\n",
       "  1021.0230252267626,\n",
       "  1301.1275207429017,\n",
       "  1177.7314990174034,\n",
       "  1279.4676062891192,\n",
       "  1298.178490381385,\n",
       "  1216.9450072305892,\n",
       "  1379.1705205406597,\n",
       "  1279.000996577766,\n",
       "  1511.8371178066036],\n",
       " [850.0494347752532,\n",
       "  564.4124767084799,\n",
       "  68.96557112066861,\n",
       "  222.53897723520097,\n",
       "  999999999.0,\n",
       "  139.40600915631273,\n",
       "  127.00405357097814,\n",
       "  238.63041624143344,\n",
       "  249.69694185474222,\n",
       "  912.4667991457077,\n",
       "  423.32646356339825,\n",
       "  394.71241703359004,\n",
       "  329.112458283698,\n",
       "  889.6389814878394,\n",
       "  350.9951817139654,\n",
       "  436.37856626875174,\n",
       "  454.91148467464603,\n",
       "  464.3006978308135,\n",
       "  469.63347173916435,\n",
       "  564.020277270993,\n",
       "  1219.611744028743,\n",
       "  580.0915451168456,\n",
       "  650.9097933841973,\n",
       "  603.9265730396861,\n",
       "  690.1774335292973,\n",
       "  717.486840060847,\n",
       "  857.6564794453429,\n",
       "  795.1534639867513,\n",
       "  1144.5265111028614,\n",
       "  1068.2484050688297,\n",
       "  1181.6213990362992,\n",
       "  1223.4968405716827,\n",
       "  1193.5284038058583,\n",
       "  1207.4148949534958,\n",
       "  1209.9741878534471,\n",
       "  1268.5126410874932,\n",
       "  1238.9095060466882,\n",
       "  1462.2139179644303],\n",
       " [806.3010169484456,\n",
       "  515.311506988317,\n",
       "  167.35278721577936,\n",
       "  199.75853493099984,\n",
       "  139.40600915631273,\n",
       "  999999999.0,\n",
       "  77.17623802732474,\n",
       "  176.353912315236,\n",
       "  193.82167093351939,\n",
       "  808.4719549446988,\n",
       "  431.65321801587913,\n",
       "  383.2058275060136,\n",
       "  205.56479701449342,\n",
       "  776.9648629343353,\n",
       "  225.01060911888138,\n",
       "  392.72327693545486,\n",
       "  411.96092809607694,\n",
       "  418.76901045479804,\n",
       "  423.6949148725896,\n",
       "  426.93144677678487,\n",
       "  1099.8835184062552,\n",
       "  455.2750559677303,\n",
       "  513.8835833299689,\n",
       "  488.7689461453642,\n",
       "  555.1727986363152,\n",
       "  582.2820539125776,\n",
       "  796.3212896241382,\n",
       "  697.3001770143192,\n",
       "  1005.7528588108406,\n",
       "  931.1605286309389,\n",
       "  1109.606894043405,\n",
       "  1086.9251354164187,\n",
       "  1100.868779909872,\n",
       "  1117.490356085659,\n",
       "  1084.606177312392,\n",
       "  1190.806186342722,\n",
       "  1124.959329045357,\n",
       "  1352.8326762759687],\n",
       " [881.9759098638978,\n",
       "  591.0256944238062,\n",
       "  182.23963378875635,\n",
       "  266.30429262708105,\n",
       "  127.00405357097814,\n",
       "  77.17623802732474,\n",
       "  999999999.0,\n",
       "  119.25859124784168,\n",
       "  133.88372790884807,\n",
       "  881.5723323999549,\n",
       "  356.7844894953424,\n",
       "  311.72375807063213,\n",
       "  206.55257134298637,\n",
       "  847.2697508016344,\n",
       "  229.2960503178372,\n",
       "  331.8258702585601,\n",
       "  351.00438568714503,\n",
       "  358.96739119073175,\n",
       "  364.1204826210686,\n",
       "  451.1676149615897,\n",
       "  1166.1273380163664,\n",
       "  455.5864334996052,\n",
       "  537.2208577484682,\n",
       "  477.12681752339176,\n",
       "  572.8061865839869,\n",
       "  600.260132210195,\n",
       "  746.0027848059814,\n",
       "  669.7901634554886,\n",
       "  1047.940743480132,\n",
       "  953.1287023518498,\n",
       "  1065.5742124887408,\n",
       "  1107.1026405514767,\n",
       "  1069.901915906547,\n",
       "  1084.611247958245,\n",
       "  1084.6448502068552,\n",
       "  1150.1578844732783,\n",
       "  1111.9054536284323,\n",
       "  1335.4435917387339],\n",
       " [972.873183452112,\n",
       "  682.8768039571414,\n",
       "  299.6398931310044,\n",
       "  376.01162075719003,\n",
       "  238.63041624143344,\n",
       "  176.353912315236,\n",
       "  119.25859124784168,\n",
       "  999999999.0,\n",
       "  18.419453115936257,\n",
       "  926.3645130826059,\n",
       "  273.08541387560916,\n",
       "  215.21236973375673,\n",
       "  154.47088115065145,\n",
       "  882.0452232534342,\n",
       "  176.44484867362817,\n",
       "  216.45359126808486,\n",
       "  235.70223682530187,\n",
       "  242.76779441717656,\n",
       "  247.7678102130715,\n",
       "  403.76503204062647,\n",
       "  1185.5882214025207,\n",
       "  374.6685431612448,\n",
       "  484.6229597186031,\n",
       "  381.6453295750122,\n",
       "  510.73874604933576,\n",
       "  537.8887828674062,\n",
       "  626.8383935756493,\n",
       "  558.0309563241543,\n",
       "  1016.0362838859883,\n",
       "  890.4102902629659,\n",
       "  946.5372236391878,\n",
       "  1040.5660569559677,\n",
       "  954.9775616457806,\n",
       "  968.785342638462,\n",
       "  994.0332953350055,\n",
       "  1031.685106533582,\n",
       "  1008.8260130554177,\n",
       "  1228.374004889753],\n",
       " [991.2811948915838,\n",
       "  701.258258572444,\n",
       "  312.28208445508204,\n",
       "  393.2809007111861,\n",
       "  249.69694185474222,\n",
       "  193.82167093351939,\n",
       "  133.88372790884807,\n",
       "  18.419453115936257,\n",
       "  999999999.0,\n",
       "  943.1662130201299,\n",
       "  255.22880357208905,\n",
       "  196.85271291056003,\n",
       "  165.20401444544245,\n",
       "  898.16124139445,\n",
       "  186.38375316655433,\n",
       "  199.47013717210805,\n",
       "  218.72186416588318,\n",
       "  226.0913238407191,\n",
       "  231.15331863516255,\n",
       "  411.6589011938173,\n",
       "  1200.2148299701407,\n",
       "  376.3089431948187,\n",
       "  491.24477360962544,\n",
       "  379.4987662677847,\n",
       "  515.580728336602,\n",
       "  542.5745379697548,\n",
       "  612.341352157216,\n",
       "  549.773975173234,\n",
       "  1024.7426583607255,\n",
       "  894.2747965547807,\n",
       "  933.3204761779782,\n",
       "  1043.5500589926032,\n",
       "  944.9291191589817,\n",
       "  958.2456873028806,\n",
       "  991.890589272034,\n",
       "  1019.2125140833951,\n",
       "  1003.2583303146207,\n",
       "  1221.4083365621264],\n",
       " [437.07375847296123,\n",
       "  457.1591933470562,\n",
       "  882.9616951166189,\n",
       "  713.5791793296975,\n",
       "  912.4667991457077,\n",
       "  808.4719549446988,\n",
       "  881.5723323999549,\n",
       "  926.3645130826059,\n",
       "  943.1662130201299,\n",
       "  999999999.0,\n",
       "  1195.7725623479646,\n",
       "  1130.986271188687,\n",
       "  800.6757875748842,\n",
       "  88.05955416790452,\n",
       "  789.1934355505348,\n",
       "  1087.3778318153588,\n",
       "  1102.3558047077395,\n",
       "  1102.0262979822473,\n",
       "  1104.6716444544677,\n",
       "  678.097682636909,\n",
       "  354.8187826809731,\n",
       "  819.277372045442,\n",
       "  681.0885744549635,\n",
       "  897.0323596465715,\n",
       "  726.4522349222049,\n",
       "  728.679780561238,\n",
       "  1340.3151747528852,\n",
       "  1106.6497362130938,\n",
       "  635.244936662671,\n",
       "  826.0220491706339,\n",
       "  1551.0675087173925,\n",
       "  940.1750163837056,\n",
       "  1431.7729164881187,\n",
       "  1461.8219286494034,\n",
       "  1140.6667326476831,\n",
       "  1591.0193234387693,\n",
       "  1292.1870859558705,\n",
       "  1515.0260962874872],\n",
       " [1237.9197337359349,\n",
       "  946.943476952674,\n",
       "  492.02291842260115,\n",
       "  620.5599377543508,\n",
       "  423.32646356339825,\n",
       "  431.65321801587913,\n",
       "  356.7844894953424,\n",
       "  273.08541387560916,\n",
       "  255.22880357208905,\n",
       "  1195.7725623479646,\n",
       "  999999999.0,\n",
       "  69.96477879341072,\n",
       "  399.7068814522086,\n",
       "  1147.4909007116623,\n",
       "  415.3536434157917,\n",
       "  158.80142137934564,\n",
       "  159.69202342534444,\n",
       "  169.97934202734984,\n",
       "  172.78137259569013,\n",
       "  610.8408599000742,\n",
       "  1439.3845692037048,\n",
       "  525.5817439329136,\n",
       "  675.7106059138437,\n",
       "  490.66642736634446,\n",
       "  682.8153983894781,\n",
       "  706.8199696964813,\n",
       "  503.3641259099513,\n",
       "  559.8794191333883,\n",
       "  1214.2459126328934,\n",
       "  1036.7537793814574,\n",
       "  832.2042511077011,\n",
       "  1172.6993967438834,\n",
       "  899.8992361459427,\n",
       "  904.4618677512339,\n",
       "  1060.3009539428442,\n",
       "  929.1760077524162,\n",
       "  1024.8291374000848,\n",
       "  1216.421866016664],\n",
       " [1186.9678817276742,\n",
       "  896.4363964995716,\n",
       "  463.56856845616534,\n",
       "  577.9947770439853,\n",
       "  394.71241703359004,\n",
       "  383.2058275060136,\n",
       "  311.72375807063213,\n",
       "  215.21236973375673,\n",
       "  196.85271291056003,\n",
       "  1130.986271188687,\n",
       "  69.96477879341072,\n",
       "  999999999.0,\n",
       "  332.40537704940243,\n",
       "  1081.1419803974761,\n",
       "  347.21923726717307,\n",
       "  97.94482807014157,\n",
       "  104.62299360145383,\n",
       "  116.24155559402936,\n",
       "  120.3453898751415,\n",
       "  540.9073937193361,\n",
       "  1370.594405234636,\n",
       "  457.6931414748176,\n",
       "  606.2912289862653,\n",
       "  426.03731449918536,\n",
       "  614.422634850023,\n",
       "  638.7327863206939,\n",
       "  488.5530079280657,\n",
       "  513.4326017533443,\n",
       "  1145.197336345507,\n",
       "  971.8302011865426,\n",
       "  818.8773670831317,\n",
       "  1109.8054578323931,\n",
       "  870.8237292966819,\n",
       "  877.7798537774383,\n",
       "  1006.7673820509526,\n",
       "  913.1032058552911,\n",
       "  980.4965053985497,\n",
       "  1179.007963600997],\n",
       " [903.3931728506114,\n",
       "  622.3517788385158,\n",
       "  370.9827727773074,\n",
       "  375.4315194414697,\n",
       "  329.112458283698,\n",
       "  205.56479701449342,\n",
       "  206.55257134298637,\n",
       "  154.47088115065145,\n",
       "  165.20401444544245,\n",
       "  800.6757875748842,\n",
       "  399.7068814522086,\n",
       "  332.40537704940243,\n",
       "  999999999.0,\n",
       "  748.9352631784059,\n",
       "  23.348192887675538,\n",
       "  289.1144856430563,\n",
       "  305.4597916095145,\n",
       "  306.8755657659923,\n",
       "  310.2569771402378,\n",
       "  252.16255281704824,\n",
       "  1041.1412545885325,\n",
       "  251.393909305318,\n",
       "  335.7859075786257,\n",
       "  283.72532620194465,\n",
       "  367.7296222249857,\n",
       "  395.1913991198213,\n",
       "  633.2983208353206,\n",
       "  500.08400933132174,\n",
       "  862.3031400210344,\n",
       "  748.6885513604996,\n",
       "  929.9244743194348,\n",
       "  901.7524814335776,\n",
       "  904.3769679511402,\n",
       "  922.7998258888542,\n",
       "  881.5445086415386,\n",
       "  1005.3036898045104,\n",
       "  919.493694494992,\n",
       "  1148.0305369508294],\n",
       " [507.7926916725464,\n",
       "  483.5144322280772,\n",
       "  866.290718744418,\n",
       "  702.7022486334963,\n",
       "  889.6389814878394,\n",
       "  776.9648629343353,\n",
       "  847.2697508016344,\n",
       "  882.0452232534342,\n",
       "  898.16124139445,\n",
       "  88.05955416790452,\n",
       "  1147.4909007116623,\n",
       "  1081.1419803974761,\n",
       "  748.9352631784059,\n",
       "  999999999.0,\n",
       "  735.6352723796917,\n",
       "  1031.9121989070084,\n",
       "  1046.0880100328911,\n",
       "  1045.0169041370111,\n",
       "  1047.3662468718494,\n",
       "  607.3080203337792,\n",
       "  338.8917258715504,\n",
       "  747.5355003296454,\n",
       "  603.866099498442,\n",
       "  824.8548300297838,\n",
       "  647.0734666296048,\n",
       "  647.8412035129767,\n",
       "  1267.380598430394,\n",
       "  1029.0894358906503,\n",
       "  554.1650269371486,\n",
       "  738.1316072513505,\n",
       "  1470.341381438047,\n",
       "  853.6979019152914,\n",
       "  1347.436953883691,\n",
       "  1377.7579703504562,\n",
       "  1052.6233120367465,\n",
       "  1508.281778402738,\n",
       "  1204.7363834307205,\n",
       "  1427.118326816165],\n",
       " [903.1807647058093,\n",
       "  624.6199589538123,\n",
       "  391.35765239282057,\n",
       "  388.5829110171599,\n",
       "  350.9951817139654,\n",
       "  225.01060911888138,\n",
       "  229.2960503178372,\n",
       "  176.44484867362817,\n",
       "  186.38375316655433,\n",
       "  789.1934355505348,\n",
       "  415.3536434157917,\n",
       "  347.21923726717307,\n",
       "  23.348192887675538,\n",
       "  735.6352723796917,\n",
       "  999999999.0,\n",
       "  298.4814404450145,\n",
       "  314.0586238818635,\n",
       "  314.64372699655013,\n",
       "  317.72258160886173,\n",
       "  229.01374996460245,\n",
       "  1024.2977523318582,\n",
       "  230.53498333921027,\n",
       "  312.46052661313854,\n",
       "  266.46669339968145,\n",
       "  344.48478715358283,\n",
       "  371.9494642263655,\n",
       "  628.9563540667978,\n",
       "  486.9991046649369,\n",
       "  839.7818718623611,\n",
       "  725.4153354211644,\n",
       "  921.1929808342438,\n",
       "  878.5791581958061,\n",
       "  890.9448970747062,\n",
       "  909.9622015009751,\n",
       "  860.5170348526576,\n",
       "  995.0348002723753,\n",
       "  901.040825571011,\n",
       "  1130.4393089485384],\n",
       " [1178.8418412907574,\n",
       "  891.1774809552447,\n",
       "  503.10067193233965,\n",
       "  592.4453826574238,\n",
       "  436.37856626875174,\n",
       "  392.72327693545486,\n",
       "  331.8258702585601,\n",
       "  216.45359126808486,\n",
       "  199.47013717210805,\n",
       "  1087.3778318153588,\n",
       "  158.80142137934564,\n",
       "  97.94482807014157,\n",
       "  289.1144856430563,\n",
       "  1031.9121989070084,\n",
       "  298.4814404450145,\n",
       "  999999999.0,\n",
       "  19.2530109878937,\n",
       "  27.978486995724783,\n",
       "  33.337990045141275,\n",
       "  466.0127924911931,\n",
       "  1308.76834418264,\n",
       "  369.90539399443844,\n",
       "  524.6806292144308,\n",
       "  331.9640721115019,\n",
       "  527.8241186673071,\n",
       "  551.0789685183166,\n",
       "  422.62462103934377,\n",
       "  418.4788423048403,\n",
       "  1060.5199003726539,\n",
       "  878.0095320603826,\n",
       "  750.14571953935,\n",
       "  1014.0953388350249,\n",
       "  786.6361720745174,\n",
       "  795.6229229623855,\n",
       "  908.9586122197215,\n",
       "  840.8794614554081,\n",
       "  885.673422408339,\n",
       "  1087.886780987305],\n",
       " [1197.2193112261596,\n",
       "  909.7854729088903,\n",
       "  521.8084374450942,\n",
       "  611.688237585128,\n",
       "  454.91148467464603,\n",
       "  411.96092809607694,\n",
       "  351.00438568714503,\n",
       "  235.70223682530187,\n",
       "  218.72186416588318,\n",
       "  1102.3558047077395,\n",
       "  159.69202342534444,\n",
       "  104.62299360145383,\n",
       "  305.4597916095145,\n",
       "  1046.0880100328911,\n",
       "  314.0586238818635,\n",
       "  19.2530109878937,\n",
       "  999999999.0,\n",
       "  11.827619382191655,\n",
       "  16.666699999999764,\n",
       "  475.5779310546048,\n",
       "  1320.5530248888929,\n",
       "  375.16256591536387,\n",
       "  531.9846114048878,\n",
       "  333.61858127449926,\n",
       "  533.179193727079,\n",
       "  555.9196279450567,\n",
       "  404.9011012687537,\n",
       "  408.9400086326833,\n",
       "  1066.1093343045827,\n",
       "  879.0551902714699,\n",
       "  733.0222948414121,\n",
       "  1013.5197668411712,\n",
       "  772.5264189936872,\n",
       "  780.9827337328849,\n",
       "  903.1070344225324,\n",
       "  824.2977876522525,\n",
       "  876.0963658450589,\n",
       "  1076.2654434561114],\n",
       " [1201.2191072966534,\n",
       "  914.280176659268,\n",
       "  530.9394282836606,\n",
       "  618.5273406085212,\n",
       "  464.3006978308135,\n",
       "  418.76901045479804,\n",
       "  358.96739119073175,\n",
       "  242.76779441717656,\n",
       "  226.0913238407191,\n",
       "  1102.0262979822473,\n",
       "  169.97934202734984,\n",
       "  116.24155559402936,\n",
       "  306.8755657659923,\n",
       "  1045.0169041370111,\n",
       "  314.64372699655013,\n",
       "  27.978486995724783,\n",
       "  11.827619382191655,\n",
       "  999999999.0,\n",
       "  5.36476386805619,\n",
       "  471.1799971715355,\n",
       "  1317.4972703839405,\n",
       "  368.33016209462073,\n",
       "  526.1640713107265,\n",
       "  325.1099905236374,\n",
       "  526.2891883300357,\n",
       "  548.7551646147489,\n",
       "  394.6785713607464,\n",
       "  397.23607309962324,\n",
       "  1059.2138579573486,\n",
       "  870.0881595463301,\n",
       "  722.3872248949039,\n",
       "  1003.9188045441184,\n",
       "  760.8789353621115,\n",
       "  769.4323767766083,\n",
       "  891.9731571419238,\n",
       "  813.3760406137179,\n",
       "  864.3691820564229,\n",
       "  1064.4378244487982],\n",
       " [1205.3779366004712,\n",
       "  918.5921241696027,\n",
       "  536.247941047591,\n",
       "  623.450324716324,\n",
       "  469.63347173916435,\n",
       "  423.6949148725896,\n",
       "  364.1204826210686,\n",
       "  247.7678102130715,\n",
       "  231.15331863516255,\n",
       "  1104.6716444544677,\n",
       "  172.78137259569013,\n",
       "  120.3453898751415,\n",
       "  310.2569771402378,\n",
       "  1047.3662468718494,\n",
       "  317.72258160886173,\n",
       "  33.337990045141275,\n",
       "  16.666699999999764,\n",
       "  5.36476386805619,\n",
       "  999999999.0,\n",
       "  472.0996331075131,\n",
       "  1318.984986621188,\n",
       "  368.01103955529624,\n",
       "  526.3591073252173,\n",
       "  323.80185278067785,\n",
       "  525.9052502267382,\n",
       "  548.212875973121,\n",
       "  389.3138135010363,\n",
       "  393.08897241536715,\n",
       "  1058.788707240614,\n",
       "  868.415452817003,\n",
       "  717.039547990709,\n",
       "  1001.8039523224553,\n",
       "  755.8603015320359,\n",
       "  764.3374629558468,\n",
       "  888.5748281467642,\n",
       "  808.0636039704599,\n",
       "  860.161681650752,\n",
       "  1059.8283459546128],\n",
       " [901.7446864102617,\n",
       "  660.6734089193326,\n",
       "  591.7465894898323,\n",
       "  535.3459605770639,\n",
       "  564.020277270993,\n",
       "  426.93144677678487,\n",
       "  451.1676149615897,\n",
       "  403.76503204062647,\n",
       "  411.6589011938173,\n",
       "  678.097682636909,\n",
       "  610.8408599000742,\n",
       "  540.9073937193361,\n",
       "  252.16255281704824,\n",
       "  607.3080203337792,\n",
       "  229.01374996460245,\n",
       "  466.0127924911931,\n",
       "  475.5779310546048,\n",
       "  471.1799971715355,\n",
       "  472.0996331075131,\n",
       "  999999999.0,\n",
       "  850.9311316485309,\n",
       "  141.40052757164565,\n",
       "  86.95554778235896,\n",
       "  219.2904781109511,\n",
       "  132.86519056622782,\n",
       "  158.55360705026644,\n",
       "  662.5240022393209,\n",
       "  441.62059586409714,\n",
       "  613.5556610125134,\n",
       "  504.3110539680161,\n",
       "  896.1539830345274,\n",
       "  660.0002183688442,\n",
       "  814.3914066897609,\n",
       "  839.7238138919788,\n",
       "  682.6699915374046,\n",
       "  951.0765450916417,\n",
       "  760.3670252492669,\n",
       "  996.5650266023381],\n",
       " [760.410092131903,\n",
       "  811.1249979785335,\n",
       "  1200.509453179288,\n",
       "  1040.0276458071712,\n",
       "  1219.611744028743,\n",
       "  1099.8835184062552,\n",
       "  1166.1273380163664,\n",
       "  1185.5882214025207,\n",
       "  1200.2148299701407,\n",
       "  354.8187826809731,\n",
       "  1439.3845692037048,\n",
       "  1370.594405234636,\n",
       "  1041.1412545885325,\n",
       "  338.8917258715504,\n",
       "  1024.2977523318582,\n",
       "  1308.76834418264,\n",
       "  1320.5530248888929,\n",
       "  1317.4972703839405,\n",
       "  1318.984986621188,\n",
       "  850.9311316485309,\n",
       "  999999999.0,\n",
       "  978.969135908649,\n",
       "  817.6479541765742,\n",
       "  1050.6308802187077,\n",
       "  844.300524742375,\n",
       "  834.8046802237374,\n",
       "  1475.3059578262175,\n",
       "  1217.4823660395618,\n",
       "  496.49430870881935,\n",
       "  774.2081807152504,\n",
       "  1623.2311841273422,\n",
       "  835.4191101248076,\n",
       "  1467.2196390359659,\n",
       "  1500.0052355546493,\n",
       "  1094.389009106489,\n",
       "  1641.9051981155164,\n",
       "  1273.0370918146118,\n",
       "  1468.5452286401403],\n",
       " [1032.2892417783694,\n",
       "  779.0349148659847,\n",
       "  621.8888849433229,\n",
       "  603.9439707987818,\n",
       "  580.0915451168456,\n",
       "  455.2750559677303,\n",
       "  455.5864334996052,\n",
       "  374.6685431612448,\n",
       "  376.3089431948187,\n",
       "  819.277372045442,\n",
       "  525.5817439329136,\n",
       "  457.6931414748176,\n",
       "  251.393909305318,\n",
       "  747.5355003296454,\n",
       "  230.53498333921027,\n",
       "  369.90539399443844,\n",
       "  375.16256591536387,\n",
       "  368.33016209462073,\n",
       "  368.01103955529624,\n",
       "  141.40052757164565,\n",
       "  978.969135908649,\n",
       "  999999999.0,\n",
       "  163.62644159453566,\n",
       "  77.89328205236947,\n",
       "  158.01941107908078,\n",
       "  181.28922790483233,\n",
       "  521.1548194593323,\n",
       "  306.69553790223375,\n",
       "  690.94777439274,\n",
       "  521.7288055879706,\n",
       "  761.523903862728,\n",
       "  668.2250332683005,\n",
       "  694.7049591395535,\n",
       "  717.7972027600352,\n",
       "  630.1507136940655,\n",
       "  821.3524881950475,\n",
       "  675.443439124846,\n",
       "  907.9003514078069],\n",
       " [943.2215951621602,\n",
       "  717.716993646619,\n",
       "  678.5295230301026,\n",
       "  617.4212696948571,\n",
       "  650.9097933841973,\n",
       "  513.8835833299689,\n",
       "  537.2208577484682,\n",
       "  484.6229597186031,\n",
       "  491.24477360962544,\n",
       "  681.0885744549635,\n",
       "  675.7106059138437,\n",
       "  606.2912289862653,\n",
       "  335.7859075786257,\n",
       "  603.866099498442,\n",
       "  312.46052661313854,\n",
       "  524.6806292144308,\n",
       "  531.9846114048878,\n",
       "  526.1640713107265,\n",
       "  526.3591073252173,\n",
       "  86.95554778235896,\n",
       "  817.6479541765742,\n",
       "  163.62644159453566,\n",
       "  999999999.0,\n",
       "  232.983368505136,\n",
       "  56.79521008755992,\n",
       "  77.14868969075276,\n",
       "  667.0738676775452,\n",
       "  425.5814323507678,\n",
       "  539.6913079211956,\n",
       "  417.37052992146016,\n",
       "  872.9336150710428,\n",
       "  573.0588296292545,\n",
       "  772.8774140576876,\n",
       "  800.2016156554183,\n",
       "  605.4253864682664,\n",
       "  919.8482484714774,\n",
       "  695.4523102331673,\n",
       "  931.8957839887726],\n",
       " [1105.6400293858078,\n",
       "  847.6701843695707,\n",
       "  651.945979451871,\n",
       "  652.5069005547831,\n",
       "  603.9265730396861,\n",
       "  488.7689461453642,\n",
       "  477.12681752339176,\n",
       "  381.6453295750122,\n",
       "  379.4987662677847,\n",
       "  897.0323596465715,\n",
       "  490.66642736634446,\n",
       "  426.03731449918536,\n",
       "  283.72532620194465,\n",
       "  824.8548300297838,\n",
       "  266.46669339968145,\n",
       "  331.9640721115019,\n",
       "  333.61858127449926,\n",
       "  325.1099905236374,\n",
       "  323.80185278067785,\n",
       "  219.2904781109511,\n",
       "  1050.6308802187077,\n",
       "  77.89328205236947,\n",
       "  232.983368505136,\n",
       "  999999999.0,\n",
       "  214.14231340136712,\n",
       "  232.22610602815598,\n",
       "  443.31845544515676,\n",
       "  235.22320476885437,\n",
       "  741.0310957346467,\n",
       "  546.0961977957003,\n",
       "  688.1970214415345,\n",
       "  684.4268899714942,\n",
       "  632.0501480582844,\n",
       "  653.4553092580556,\n",
       "  612.4577177897678,\n",
       "  751.2780485386529,\n",
       "  636.48589207354,\n",
       "  864.30521097356],\n",
       " [998.6000054737141,\n",
       "  774.5111184235717,\n",
       "  721.3681312291859,\n",
       "  668.0773253325242,\n",
       "  690.1774335292973,\n",
       "  555.1727986363152,\n",
       "  572.8061865839869,\n",
       "  510.73874604933576,\n",
       "  515.580728336602,\n",
       "  726.4522349222049,\n",
       "  682.8153983894781,\n",
       "  614.422634850023,\n",
       "  367.7296222249857,\n",
       "  647.0734666296048,\n",
       "  344.48478715358283,\n",
       "  527.8241186673071,\n",
       "  533.179193727079,\n",
       "  526.2891883300357,\n",
       "  525.9052502267382,\n",
       "  132.86519056622782,\n",
       "  844.300524742375,\n",
       "  158.01941107908078,\n",
       "  56.79521008755992,\n",
       "  214.14231340136712,\n",
       "  999999999.0,\n",
       "  27.46762887127465,\n",
       "  632.6913759907648,\n",
       "  383.1966429561198,\n",
       "  532.9385092677225,\n",
       "  381.01263902759325,\n",
       "  824.9235926046772,\n",
       "  534.2980903444086,\n",
       "  719.1818756427937,\n",
       "  746.9925202246741,\n",
       "  551.2958934844696,\n",
       "  868.9295587597494,\n",
       "  638.6918471559339,\n",
       "  875.1472695184955],\n",
       " [1011.2552138704898,\n",
       "  792.0314758756632,\n",
       "  748.3253598271941,\n",
       "  693.0604398135636,\n",
       "  717.486840060847,\n",
       "  582.2820539125776,\n",
       "  600.260132210195,\n",
       "  537.8887828674062,\n",
       "  542.5745379697548,\n",
       "  728.679780561238,\n",
       "  706.8199696964813,\n",
       "  638.7327863206939,\n",
       "  395.1913991198213,\n",
       "  647.8412035129767,\n",
       "  371.9494642263655,\n",
       "  551.0789685183166,\n",
       "  555.9196279450567,\n",
       "  548.7551646147489,\n",
       "  548.212875973121,\n",
       "  158.55360705026644,\n",
       "  834.8046802237374,\n",
       "  181.28922790483233,\n",
       "  77.14868969075276,\n",
       "  232.22610602815598,\n",
       "  27.46762887127465,\n",
       "  999999999.0,\n",
       "  640.610498482065,\n",
       "  386.69737307834333,\n",
       "  510.7937617504838,\n",
       "  353.5754554424838,\n",
       "  822.5721852822402,\n",
       "  506.8425300906094,\n",
       "  710.505857774655,\n",
       "  738.9771248735796,\n",
       "  528.2847612267926,\n",
       "  863.5975715996688,\n",
       "  620.9112030856662,\n",
       "  857.1596294207098],\n",
       " [1527.0919609740627,\n",
       "  1253.1373597771085,\n",
       "  923.1680427931743,\n",
       "  992.8525158897713,\n",
       "  857.6564794453429,\n",
       "  796.3212896241382,\n",
       "  746.0027848059814,\n",
       "  626.8383935756493,\n",
       "  612.341352157216,\n",
       "  1340.3151747528852,\n",
       "  503.3641259099513,\n",
       "  488.5530079280657,\n",
       "  633.2983208353206,\n",
       "  1267.380598430394,\n",
       "  628.9563540667978,\n",
       "  422.62462103934377,\n",
       "  404.9011012687537,\n",
       "  394.6785713607464,\n",
       "  389.3138135010363,\n",
       "  662.5240022393209,\n",
       "  1475.3059578262175,\n",
       "  521.1548194593323,\n",
       "  667.0738676775452,\n",
       "  443.31845544515676,\n",
       "  632.6913759907648,\n",
       "  640.610498482065,\n",
       "  999999999.0,\n",
       "  264.63350804508644,\n",
       "  1099.137316315523,\n",
       "  834.146386107858,\n",
       "  330.3467190172174,\n",
       "  921.0654701532635,\n",
       "  415.06026671578775,\n",
       "  412.9188130377448,\n",
       "  709.4408696725415,\n",
       "  425.907328651163,\n",
       "  605.2678258781067,\n",
       "  752.1157838449152],\n",
       " [1338.9847283010597,\n",
       "  1082.8933889137445,\n",
       "  851.3585627044166,\n",
       "  875.3309143749582,\n",
       "  795.1534639867513,\n",
       "  697.3001770143192,\n",
       "  669.7901634554886,\n",
       "  558.0309563241543,\n",
       "  549.773975173234,\n",
       "  1106.6497362130938,\n",
       "  559.8794191333883,\n",
       "  513.4326017533443,\n",
       "  500.08400933132174,\n",
       "  1029.0894358906503,\n",
       "  486.9991046649369,\n",
       "  418.4788423048403,\n",
       "  408.9400086326833,\n",
       "  397.23607309962324,\n",
       "  393.08897241536715,\n",
       "  441.62059586409714,\n",
       "  1217.4823660395618,\n",
       "  306.69553790223375,\n",
       "  425.5814323507678,\n",
       "  235.22320476885437,\n",
       "  383.1966429561198,\n",
       "  386.69737307834333,\n",
       "  264.63350804508644,\n",
       "  999999999.0,\n",
       "  834.9219871925422,\n",
       "  576.270030288451,\n",
       "  455.038303163249,\n",
       "  676.9624515910792,\n",
       "  404.340293305193,\n",
       "  422.9702256762884,\n",
       "  508.75131483435257,\n",
       "  516.0571219219988,\n",
       "  467.22227860351506,\n",
       "  674.0139263132481],\n",
       " [1058.8192781887758,\n",
       "  966.3203521926514,\n",
       "  1154.169962837921,\n",
       "  1040.0662299543046,\n",
       "  1144.5265111028614,\n",
       "  1005.7528588108406,\n",
       "  1047.940743480132,\n",
       "  1016.0362838859883,\n",
       "  1024.7426583607255,\n",
       "  635.244936662671,\n",
       "  1214.2459126328934,\n",
       "  1145.197336345507,\n",
       "  862.3031400210344,\n",
       "  554.1650269371486,\n",
       "  839.7818718623611,\n",
       "  1060.5199003726539,\n",
       "  1066.1093343045827,\n",
       "  1059.2138579573486,\n",
       "  1058.788707240614,\n",
       "  613.5556610125134,\n",
       "  496.49430870881935,\n",
       "  690.94777439274,\n",
       "  539.6913079211956,\n",
       "  741.0310957346467,\n",
       "  532.9385092677225,\n",
       "  510.7937617504838,\n",
       "  1099.137316315523,\n",
       "  834.9219871925422,\n",
       "  999999999.0,\n",
       "  296.30031595421934,\n",
       "  1182.3125792459496,\n",
       "  339.0295392826107,\n",
       "  1005.8364083631527,\n",
       "  1039.369048049447,\n",
       "  604.1186447786048,\n",
       "  1185.5392714335162,\n",
       "  788.6768410163694,\n",
       "  974.2258298290893],\n",
       " [1205.6363263392866,\n",
       "  1045.9776376348116,\n",
       "  1095.088056474044,\n",
       "  1021.0230252267626,\n",
       "  1068.2484050688297,\n",
       "  931.1605286309389,\n",
       "  953.1287023518498,\n",
       "  890.4102902629659,\n",
       "  894.2747965547807,\n",
       "  826.0220491706339,\n",
       "  1036.7537793814574,\n",
       "  971.8302011865426,\n",
       "  748.6885513604996,\n",
       "  738.1316072513505,\n",
       "  725.4153354211644,\n",
       "  878.0095320603826,\n",
       "  879.0551902714699,\n",
       "  870.0881595463301,\n",
       "  868.415452817003,\n",
       "  504.3110539680161,\n",
       "  774.2081807152504,\n",
       "  521.7288055879706,\n",
       "  417.37052992146016,\n",
       "  546.0961977957003,\n",
       "  381.01263902759325,\n",
