{
 "cells": [
  {
   "cell_type": "code",
   "execution_count": 1,
   "metadata": {
    "scrolled": true
   },
   "outputs": [
    {
     "name": "stdout",
     "output_type": "stream",
     "text": [
      "Requirement already satisfied: pyomo in c:\\programdata\\miniconda3\\lib\\site-packages (5.6.9)\n",
      "Requirement already satisfied: six>=1.4 in c:\\programdata\\miniconda3\\lib\\site-packages (from pyomo) (1.12.0)\n",
      "Requirement already satisfied: PyUtilib>=5.8.0 in c:\\programdata\\miniconda3\\lib\\site-packages (from pyomo) (5.8.0)\n",
      "Requirement already satisfied: ply in c:\\programdata\\miniconda3\\lib\\site-packages (from pyomo) (3.11)\n",
      "Requirement already satisfied: appdirs in c:\\programdata\\miniconda3\\lib\\site-packages (from pyomo) (1.4.4)\n",
      "Requirement already satisfied: nose in c:\\programdata\\miniconda3\\lib\\site-packages (from PyUtilib>=5.8.0->pyomo) (1.3.7)\n",
      "Note: you may need to restart the kernel to use updated packages.\n"
     ]
    }
   ],
   "source": [
    "pip install pyomo"
   ]
  },
  {
   "cell_type": "raw",
   "metadata": {},
   "source": [
    "python setup.py install"
   ]
  },
  {
   "cell_type": "code",
   "execution_count": 3,
   "metadata": {},
   "outputs": [],
   "source": [
    "import numpy as np"
   ]
  },
  {
   "cell_type": "code",
   "execution_count": 4,
   "metadata": {},
   "outputs": [],
   "source": [
    "Cities =[\n",
    "1 ,11003.611100, 42102.500000,\n",
    "2 ,11108.611100 ,42373.888900,\n",
    "3 ,11133.333300 ,42885.833300,\n",
    "4 ,11155.833300 ,42712.500000,\n",
    "5 ,11183.333300 ,42933.333300,\n",
    "6 ,11297.500000 ,42853.333300,\n",
    "7 ,11310.277800 ,42929.444400,\n",
    "8 ,11416.666700 ,42983.333300,\n",
    "9 ,11423.888900 ,43000.277800,\n",
    "10 ,11438.333300, 42057.222200,\n",
    "11 ,11461.111100, 43252.777800,\n",
    "12 ,11485.555600, 43187.222200,\n",
    "13 ,11503.055600, 42855.277800,\n",
    "14 ,11511.388900, 42106.388900,\n",
    "15 ,11522.222200, 42841.944400,\n",
    "16 ,11569.444400, 43136.666700,\n",
    "17 ,11583.333300, 43150.000000,\n",
    "18 ,11595.000000, 43148.055600,\n",
    "19 ,11600.000000, 43150.000000,\n",
    "20 ,11690.555600, 42686.666700,\n",
    "21 ,11715.833300, 41836.111100,\n",
    "22 ,11751.111100, 42814.444400,\n",
    "23 ,11770.277800, 42651.944400,\n",
    "24 ,11785.277800, 42884.444400,\n",
    "25 ,11822.777800, 42673.611100,\n",
    "26 ,11846.944400, 42660.555600,\n",
    "27 ,11963.055600, 43290.555600,\n",
    "28 ,11973.055600, 43026.111100,\n",
    "29 ,12058.333300, 42195.555600,\n",
    "30 ,12149.444400, 42477.500000,\n",
    "31 ,12286.944400, 43355.555600,\n",
    "32 ,12300.000000, 42433.333300,\n",
    "33 ,12355.833300, 43156.388900,\n",
    "34 ,12363.333300, 43189.166700,\n",
    "35 ,12372.777800, 42711.388900,\n",
    "36 ,12386.666700, 43334.722200,\n",
    "37 ,12421.666700, 42895.555600,\n",
    "38, 12645.000000, 42973.333300]"
   ]
  },
  {
   "cell_type": "raw",
   "metadata": {},
   "source": []
  },
  {
   "cell_type": "code",
   "execution_count": 5,
   "metadata": {},
   "outputs": [],
   "source": [
    "from math import sqrt\n",
    "\n",
    "coordinates = np.reshape(Cities, (38, 3))\n",
    "coordinate = coordinates[:,1:]\n",
    "coordinate.tolist()\n",
    "x = coordinate[:,0]\n",
    "y = coordinate[:,1]\n",
    "\n",
    "cost_matrix = np.empty([38,38])\n",
    "#dist = sqrt((x[i]-x[j])^2 + (y[i]-y[j])^2 )\n",
    "for i in range(x.shape[0]):\n",
    "    for j in range(y.shape[0]):\n",
    "        if i == j:\n",
    "            cost_matrix[i][j] = 999999999\n",
    "            \n",
    "        else:\n",
    "            cost_matrix[i][j] = sqrt((x[i]-x[j])**2 + (y[i]-y[j])**2)\n",
    "\n",
    "n = x.shape[0]"
   ]
  },
  {
   "cell_type": "markdown",
   "metadata": {},
   "source": [
    ",file = open('17.txt')\n",
    "lines = file.readlines()\n",
    "file.close()\n",
    "\n",
    "for i in range(len(lines)):\n",
    "    aux = lines[i][:-1].split('\\t')\n",
    "    aux = [int(i) for i in aux if i!= '']\n",
    "    cost_matrix.append(aux)\n",
    "\n",
    "n = len(cost_matrix)"
   ]
  },
  {
   "cell_type": "code",
   "execution_count": 6,
   "metadata": {},
   "outputs": [],
   "source": [
    "import pyomo.environ as pyEnv"
   ]
  },
  {
   "cell_type": "code",
   "execution_count": 7,
   "metadata": {},
   "outputs": [],
   "source": [
    "#Model\n",
    "model = pyEnv.ConcreteModel()\n",
    "\n",
    "#Indexes for the cities\n",
    "model.M = pyEnv.RangeSet(n)                \n",
    "model.N = pyEnv.RangeSet(n)\n",
    "\n",
    "#Index for the dummy variable u\n",
    "model.U = pyEnv.RangeSet(2,n)"
   ]
  },
  {
   "cell_type": "code",
   "execution_count": 8,
   "metadata": {},
   "outputs": [],
   "source": [
    "#Decision variables xij\n",
    "model.x=pyEnv.Var(model.N,model.M, within=pyEnv.Binary)\n",
    "\n",
    "#Dummy variable ui\n",
    "model.u=pyEnv.Var(model.N, within=pyEnv.NonNegativeIntegers,bounds=(0,n-1))"
   ]
  },
  {
   "cell_type": "code",
   "execution_count": 9,
   "metadata": {},
   "outputs": [],
   "source": [
    "#Cost Matrix cij\n",
    "model.c = pyEnv.Param(model.N, model.M,initialize=lambda model, i, j: cost_matrix[i-1][j-1])"
   ]
  },
  {
   "cell_type": "code",
   "execution_count": 10,
   "metadata": {},
   "outputs": [],
   "source": [
    "def obj_func(model):\n",
    "    return sum(model.x[i,j] * model.c[i,j] for i in model.N for j in model.M)\n",
    "\n",
    "model.objective = pyEnv.Objective(rule=obj_func,sense=pyEnv.minimize)"
   ]
  },
  {
   "cell_type": "code",
   "execution_count": 11,
   "metadata": {},
   "outputs": [],
   "source": [
    "def rule_const1(model,M):\n",
    "    return sum(model.x[i,M] for i in model.N if i!=M ) == 1\n",
    "\n",
    "model.const1 = pyEnv.Constraint(model.M,rule=rule_const1)"
   ]
  },
  {
   "cell_type": "code",
   "execution_count": 12,
   "metadata": {},
   "outputs": [],
   "source": [
    "def rule_const2(model,N):\n",
    "    return sum(model.x[N,j] for j in model.M if j!=N) == 1\n",
    "\n",
    "model.rest2 = pyEnv.Constraint(model.N,rule=rule_const2)"
   ]
  },
  {
   "cell_type": "code",
   "execution_count": 13,
   "metadata": {},
   "outputs": [],
   "source": [
    "def rule_const3(model,i,j):\n",
    "    if i!=j: \n",
    "        return model.u[i] - model.u[j] + model.x[i,j] * n <= n-1\n",
    "    else:\n",
    "        #Yeah, this else doesn't say anything\n",
    "        return model.u[i] - model.u[i] == 0 \n",
    "    \n",
    "model.rest3 = pyEnv.Constraint(model.U,model.N,rule=rule_const3)"
   ]
  },
  {
   "cell_type": "code",
   "execution_count": 14,
   "metadata": {},
   "outputs": [
    {
     "name": "stdout",
     "output_type": "stream",
     "text": [
      "3 Set Declarations\n",
      "    c_index : Dim=0, Dimen=2, Size=1444, Domain=None, Ordered=True, Bounds=None\n",
      "        Virtual\n",
      "    rest3_index : Dim=0, Dimen=2, Size=1406, Domain=None, Ordered=True, Bounds=None\n",
      "        Virtual\n",
      "    x_index : Dim=0, Dimen=2, Size=1444, Domain=None, Ordered=True, Bounds=None\n",
      "        Virtual\n",
      "\n",
      "3 RangeSet Declarations\n",
      "    M : Dim=0, Dimen=1, Size=38, Domain=Integers, Ordered=True, Bounds=(1, 38)\n",
      "        Virtual\n",
      "    N : Dim=0, Dimen=1, Size=38, Domain=Integers, Ordered=True, Bounds=(1, 38)\n",
      "        Virtual\n",
      "    U : Dim=0, Dimen=1, Size=37, Domain=Integers, Ordered=True, Bounds=(2, 38)\n",
      "        Virtual\n",
      "\n",
      "1 Param Declarations\n",
      "    c : Size=1444, Index=c_index, Domain=Any, Default=None, Mutable=False\n",
      "        Key      : Value\n",
      "          (1, 1) :        999999999.0\n",
      "          (1, 2) : 290.99301545433866\n",
      "          (1, 3) :  794.0018312710164\n",
      "          (1, 4) :  628.7062892741252\n",
      "          (1, 5) :  850.0494347752532\n",
      "          (1, 6) :  806.3010169484456\n",
      "          (1, 7) :  881.9759098638978\n",
      "          (1, 8) :   972.873183452112\n",
      "          (1, 9) :  991.2811948915838\n",
      "         (1, 10) : 437.07375847296123\n",
      "         (1, 11) : 1237.9197337359349\n",
      "         (1, 12) : 1186.9678817276742\n",
      "         (1, 13) :  903.3931728506114\n",
      "         (1, 14) :  507.7926916725464\n",
      "         (1, 15) :  903.1807647058093\n",
      "         (1, 16) : 1178.8418412907574\n",
      "         (1, 17) : 1197.2193112261596\n",
      "         (1, 18) : 1201.2191072966534\n",
      "         (1, 19) : 1205.3779366004712\n",
      "         (1, 20) :  901.7446864102617\n",
      "         (1, 21) :   760.410092131903\n",
      "         (1, 22) : 1032.2892417783694\n",
      "         (1, 23) :  943.2215951621602\n",
      "         (1, 24) : 1105.6400293858078\n",
      "         (1, 25) :  998.6000054737141\n",
      "         (1, 26) : 1011.2552138704898\n",
      "         (1, 27) : 1527.0919609740627\n",
      "         (1, 28) : 1338.9847283010597\n",
      "         (1, 29) : 1058.8192781887758\n",
      "         (1, 30) : 1205.6363263392866\n",
      "         (1, 31) :  1793.625572849654\n",
      "         (1, 32) :  1337.936789400792\n",
      "         (1, 33) :   1714.40563803204\n",
      "         (1, 34) : 1740.6001775427158\n",
      "         (1, 35) :   1498.45358451041\n",
      "         (1, 36) : 1852.3537304910717\n",
      "         (1, 37) : 1624.7519408767353\n",
      "         (1, 38) : 1858.0926127166258\n",
      "          (2, 1) : 290.99301545433866\n",
      "          (2, 2) :        999999999.0\n",
      "          (2, 3) :  512.5409796925513\n",
      "          (2, 4) : 341.88801268259067\n",
      "          (2, 5) :  564.4124767084799\n",
      "          (2, 6) :   515.311506988317\n",
      "          (2, 7) :  591.0256944238062\n",
      "          (2, 8) :  682.8768039571414\n",
      "          (2, 9) :   701.258258572444\n",
      "         (2, 10) :  457.1591933470562\n",
      "         (2, 11) :   946.943476952674\n",
      "         (2, 12) :  896.4363964995716\n",
      "         (2, 13) :  622.3517788385158\n",
      "         (2, 14) :  483.5144322280772\n",
      "         (2, 15) :  624.6199589538123\n",
      "         (2, 16) :  891.1774809552447\n",
      "         (2, 17) :  909.7854729088903\n",
      "         (2, 18) :   914.280176659268\n",
      "         (2, 19) :  918.5921241696027\n",
      "         (2, 20) :  660.6734089193326\n",
      "         (2, 21) :  811.1249979785335\n",
      "         (2, 22) :  779.0349148659847\n",
      "         (2, 23) :   717.716993646619\n",
      "         (2, 24) :  847.6701843695707\n",
      "         (2, 25) :  774.5111184235717\n",
      "         (2, 26) :  792.0314758756632\n",
      "         (2, 27) : 1253.1373597771085\n",
      "         (2, 28) : 1082.8933889137445\n",
      "         (2, 29) :  966.3203521926514\n",
      "         (2, 30) : 1045.9776376348116\n",
      "         (2, 31) : 1533.6684373676678\n",
      "         (2, 32) : 1192.8709686024595\n",
      "         (2, 33) : 1472.3686583776635\n",
      "         (2, 34) : 1496.3307422978671\n",
      "         (2, 35) : 1308.4432335370493\n",
      "         (2, 36) : 1598.9455109791097\n",
      "         (2, 37) : 1412.8875236834144\n",
      "         (2, 38) : 1649.1890251679974\n",
      "          (3, 1) :  794.0018312710164\n",
      "          (3, 2) :  512.5409796925513\n",
      "          (3, 3) :        999999999.0\n",
      "          (3, 4) : 174.78753642319424\n",
      "          (3, 5) :  68.96557112066861\n",
      "          (3, 6) : 167.35278721577936\n",
      "          (3, 7) : 182.23963378875635\n",
      "          (3, 8) :  299.6398931310044\n",
      "          (3, 9) : 312.28208445508204\n",
      "         (3, 10) :  882.9616951166189\n",
      "         (3, 11) : 492.02291842260115\n",
      "         (3, 12) : 463.56856845616534\n",
      "         (3, 13) :  370.9827727773074\n",
      "         (3, 14) :   866.290718744418\n",
      "         (3, 15) : 391.35765239282057\n",
      "         (3, 16) : 503.10067193233965\n",
      "         (3, 17) :  521.8084374450942\n",
      "         (3, 18) :  530.9394282836606\n",
      "         (3, 19) :   536.247941047591\n",
      "         (3, 20) :  591.7465894898323\n",
      "         (3, 21) :  1200.509453179288\n",
      "         (3, 22) :  621.8888849433229\n",
      "         (3, 23) :  678.5295230301026\n",
      "         (3, 24) :   651.945979451871\n",
      "         (3, 25) :  721.3681312291859\n",
      "         (3, 26) :  748.3253598271941\n",
      "         (3, 27) :  923.1680427931743\n",
      "         (3, 28) :  851.3585627044166\n",
      "         (3, 29) :  1154.169962837921\n",
      "         (3, 30) :  1095.088056474044\n",
      "         (3, 31) : 1245.5752121652474\n",
      "         (3, 32) : 1251.3462505992854\n",
      "         (3, 33) :  1252.080901016927\n",
      "         (3, 34) : 1266.8508797627137\n",
      "         (3, 35) : 1251.6603042645434\n",
      "         (3, 36) :  1331.294804353554\n",
      "         (3, 37) :  1288.370083738694\n",
      "         (3, 38) : 1514.1969693170336\n",
      "          (4, 1) :  628.7062892741252\n",
      "          (4, 2) : 341.88801268259067\n",
      "          (4, 3) : 174.78753642319424\n",
      "          (4, 4) :        999999999.0\n",
      "          (4, 5) : 222.53897723520097\n",
      "          (4, 6) : 199.75853493099984\n",
      "          (4, 7) : 266.30429262708105\n",
      "          (4, 8) : 376.01162075719003\n",
      "          (4, 9) :  393.2809007111861\n",
      "         (4, 10) :  713.5791793296975\n",
      "         (4, 11) :  620.5599377543508\n",
      "         (4, 12) :  577.9947770439853\n",
      "         (4, 13) :  375.4315194414697\n",
      "         (4, 14) :  702.7022486334963\n",
      "         (4, 15) :  388.5829110171599\n",
      "         (4, 16) :  592.4453826574238\n",
      "         (4, 17) :   611.688237585128\n",
      "         (4, 18) :  618.5273406085212\n",
      "         (4, 19) :   623.450324716324\n",
      "         (4, 20) :  535.3459605770639\n",
      "         (4, 21) : 1040.0276458071712\n",
      "         (4, 22) :  603.9439707987818\n",
      "         (4, 23) :  617.4212696948571\n",
      "         (4, 24) :  652.5069005547831\n",
      "         (4, 25) :  668.0773253325242\n",
      "         (4, 26) :  693.0604398135636\n",
      "         (4, 27) :  992.8525158897713\n",
      "         (4, 28) :  875.3309143749582\n",
      "         (4, 29) : 1040.0662299543046\n",
      "         (4, 30) : 1021.0230252267626\n",
      "         (4, 31) : 1301.1275207429017\n",
      "         (4, 32) : 1177.7314990174034\n",
      "         (4, 33) : 1279.4676062891192\n",
      "         (4, 34) :  1298.178490381385\n",
      "         (4, 35) : 1216.9450072305892\n",
      "         (4, 36) : 1379.1705205406597\n",
      "         (4, 37) :  1279.000996577766\n",
      "         (4, 38) : 1511.8371178066036\n",
      "          (5, 1) :  850.0494347752532\n",
      "          (5, 2) :  564.4124767084799\n",
      "          (5, 3) :  68.96557112066861\n",
      "          (5, 4) : 222.53897723520097\n",
      "          (5, 5) :        999999999.0\n",
      "          (5, 6) : 139.40600915631273\n",
      "          (5, 7) : 127.00405357097814\n",
      "          (5, 8) : 238.63041624143344\n",
      "          (5, 9) : 249.69694185474222\n",
      "         (5, 10) :  912.4667991457077\n",
      "         (5, 11) : 423.32646356339825\n",
      "         (5, 12) : 394.71241703359004\n",
      "         (5, 13) :   329.112458283698\n",
      "         (5, 14) :  889.6389814878394\n",
      "         (5, 15) :  350.9951817139654\n",
      "         (5, 16) : 436.37856626875174\n",
      "         (5, 17) : 454.91148467464603\n",
      "         (5, 18) :  464.3006978308135\n",
      "         (5, 19) : 469.63347173916435\n",
      "         (5, 20) :   564.020277270993\n",
      "         (5, 21) :  1219.611744028743\n",
      "         (5, 22) :  580.0915451168456\n",
      "         (5, 23) :  650.9097933841973\n",
      "         (5, 24) :  603.9265730396861\n",
      "         (5, 25) :  690.1774335292973\n",
      "         (5, 26) :   717.486840060847\n",
      "         (5, 27) :  857.6564794453429\n",
      "         (5, 28) :  795.1534639867513\n",
      "         (5, 29) : 1144.5265111028614\n",
      "         (5, 30) : 1068.2484050688297\n",
      "         (5, 31) : 1181.6213990362992\n",
      "         (5, 32) : 1223.4968405716827\n",
      "         (5, 33) : 1193.5284038058583\n",
      "         (5, 34) : 1207.4148949534958\n",
      "         (5, 35) : 1209.9741878534471\n",
      "         (5, 36) : 1268.5126410874932\n",
      "         (5, 37) : 1238.9095060466882\n",
      "         (5, 38) : 1462.2139179644303\n",
      "          (6, 1) :  806.3010169484456\n",
      "          (6, 2) :   515.311506988317\n",
      "          (6, 3) : 167.35278721577936\n",
      "          (6, 4) : 199.75853493099984\n",
      "          (6, 5) : 139.40600915631273\n",
      "          (6, 6) :        999999999.0\n",
      "          (6, 7) :  77.17623802732474\n",
      "          (6, 8) :   176.353912315236\n",
      "          (6, 9) : 193.82167093351939\n",
      "         (6, 10) :  808.4719549446988\n",
      "         (6, 11) : 431.65321801587913\n",
      "         (6, 12) :  383.2058275060136\n",
      "         (6, 13) : 205.56479701449342\n",
      "         (6, 14) :  776.9648629343353\n",
      "         (6, 15) : 225.01060911888138\n",
      "         (6, 16) : 392.72327693545486\n",
      "         (6, 17) : 411.96092809607694\n",
      "         (6, 18) : 418.76901045479804\n",
      "         (6, 19) :  423.6949148725896\n",
      "         (6, 20) : 426.93144677678487\n",
      "         (6, 21) : 1099.8835184062552\n",
      "         (6, 22) :  455.2750559677303\n",
      "         (6, 23) :  513.8835833299689\n",
      "         (6, 24) :  488.7689461453642\n",
      "         (6, 25) :  555.1727986363152\n",
      "         (6, 26) :  582.2820539125776\n",
      "         (6, 27) :  796.3212896241382\n",
      "         (6, 28) :  697.3001770143192\n",
      "         (6, 29) : 1005.7528588108406\n",
      "         (6, 30) :  931.1605286309389\n",
      "         (6, 31) :  1109.606894043405\n",
      "         (6, 32) : 1086.9251354164187\n",
      "         (6, 33) :  1100.868779909872\n",
      "         (6, 34) :  1117.490356085659\n",
      "         (6, 35) :  1084.606177312392\n",
      "         (6, 36) :  1190.806186342722\n",
      "         (6, 37) :  1124.959329045357\n",
      "         (6, 38) : 1352.8326762759687\n",
      "          (7, 1) :  881.9759098638978\n",
      "          (7, 2) :  591.0256944238062\n",
      "          (7, 3) : 182.23963378875635\n",
      "          (7, 4) : 266.30429262708105\n",
      "          (7, 5) : 127.00405357097814\n",
      "          (7, 6) :  77.17623802732474\n",
      "          (7, 7) :        999999999.0\n",
      "          (7, 8) : 119.25859124784168\n",
      "          (7, 9) : 133.88372790884807\n",
      "         (7, 10) :  881.5723323999549\n",
      "         (7, 11) :  356.7844894953424\n",
      "         (7, 12) : 311.72375807063213\n",
      "         (7, 13) : 206.55257134298637\n",
      "         (7, 14) :  847.2697508016344\n",
      "         (7, 15) :  229.2960503178372\n",
      "         (7, 16) :  331.8258702585601\n",
      "         (7, 17) : 351.00438568714503\n",
      "         (7, 18) : 358.96739119073175\n",
      "         (7, 19) :  364.1204826210686\n",
      "         (7, 20) :  451.1676149615897\n",
      "         (7, 21) : 1166.1273380163664\n",
      "         (7, 22) :  455.5864334996052\n",
      "         (7, 23) :  537.2208577484682\n",
      "         (7, 24) : 477.12681752339176\n",
      "         (7, 25) :  572.8061865839869\n",
      "         (7, 26) :   600.260132210195\n",
      "         (7, 27) :  746.0027848059814\n",
      "         (7, 28) :  669.7901634554886\n",
      "         (7, 29) :  1047.940743480132\n",
      "         (7, 30) :  953.1287023518498\n",
      "         (7, 31) : 1065.5742124887408\n",
      "         (7, 32) : 1107.1026405514767\n",
      "         (7, 33) :  1069.901915906547\n",
      "         (7, 34) :  1084.611247958245\n",
      "         (7, 35) : 1084.6448502068552\n",
      "         (7, 36) : 1150.1578844732783\n",
      "         (7, 37) : 1111.9054536284323\n",
      "         (7, 38) : 1335.4435917387339\n",
      "          (8, 1) :   972.873183452112\n",
      "          (8, 2) :  682.8768039571414\n",
      "          (8, 3) :  299.6398931310044\n",
      "          (8, 4) : 376.01162075719003\n",
      "          (8, 5) : 238.63041624143344\n",
      "          (8, 6) :   176.353912315236\n",
      "          (8, 7) : 119.25859124784168\n",
      "          (8, 8) :        999999999.0\n",
      "          (8, 9) : 18.419453115936257\n",
      "         (8, 10) :  926.3645130826059\n",
      "         (8, 11) : 273.08541387560916\n",
      "         (8, 12) : 215.21236973375673\n",
      "         (8, 13) : 154.47088115065145\n",
      "         (8, 14) :  882.0452232534342\n",
      "         (8, 15) : 176.44484867362817\n",
      "         (8, 16) : 216.45359126808486\n",
      "         (8, 17) : 235.70223682530187\n",
      "         (8, 18) : 242.76779441717656\n",
      "         (8, 19) :  247.7678102130715\n",
      "         (8, 20) : 403.76503204062647\n",
      "         (8, 21) : 1185.5882214025207\n",
      "         (8, 22) :  374.6685431612448\n",
      "         (8, 23) :  484.6229597186031\n",
      "         (8, 24) :  381.6453295750122\n",
      "         (8, 25) : 510.73874604933576\n",
      "         (8, 26) :  537.8887828674062\n",
      "         (8, 27) :  626.8383935756493\n",
      "         (8, 28) :  558.0309563241543\n",
      "         (8, 29) : 1016.0362838859883\n",
      "         (8, 30) :  890.4102902629659\n",
      "         (8, 31) :  946.5372236391878\n",
      "         (8, 32) : 1040.5660569559677\n",
      "         (8, 33) :  954.9775616457806\n",
      "         (8, 34) :   968.785342638462\n",
      "         (8, 35) :  994.0332953350055\n",
      "         (8, 36) :  1031.685106533582\n",
      "         (8, 37) : 1008.8260130554177\n",
      "         (8, 38) :  1228.374004889753\n",
      "          (9, 1) :  991.2811948915838\n",
      "          (9, 2) :   701.258258572444\n",
      "          (9, 3) : 312.28208445508204\n",
      "          (9, 4) :  393.2809007111861\n",
      "          (9, 5) : 249.69694185474222\n",
      "          (9, 6) : 193.82167093351939\n",
      "          (9, 7) : 133.88372790884807\n",
      "          (9, 8) : 18.419453115936257\n",
      "          (9, 9) :        999999999.0\n",
      "         (9, 10) :  943.1662130201299\n",
      "         (9, 11) : 255.22880357208905\n",
      "         (9, 12) : 196.85271291056003\n",
      "         (9, 13) : 165.20401444544245\n",
      "         (9, 14) :    898.16124139445\n",
      "         (9, 15) : 186.38375316655433\n",
      "         (9, 16) : 199.47013717210805\n",
      "         (9, 17) : 218.72186416588318\n",
      "         (9, 18) :  226.0913238407191\n",
      "         (9, 19) : 231.15331863516255\n",
      "         (9, 20) :  411.6589011938173\n",
      "         (9, 21) : 1200.2148299701407\n",
      "         (9, 22) :  376.3089431948187\n",
      "         (9, 23) : 491.24477360962544\n",
      "         (9, 24) :  379.4987662677847\n",
      "         (9, 25) :   515.580728336602\n",
      "         (9, 26) :  542.5745379697548\n",
      "         (9, 27) :   612.341352157216\n",
      "         (9, 28) :   549.773975173234\n",
      "         (9, 29) : 1024.7426583607255\n",
      "         (9, 30) :  894.2747965547807\n",
      "         (9, 31) :  933.3204761779782\n",
      "         (9, 32) : 1043.5500589926032\n",
      "         (9, 33) :  944.9291191589817\n",
      "         (9, 34) :  958.2456873028806\n",
      "         (9, 35) :   991.890589272034\n",
      "         (9, 36) : 1019.2125140833951\n",
      "         (9, 37) : 1003.2583303146207\n",
      "         (9, 38) : 1221.4083365621264\n",
      "         (10, 1) : 437.07375847296123\n",
      "         (10, 2) :  457.1591933470562\n",
      "         (10, 3) :  882.9616951166189\n",
      "         (10, 4) :  713.5791793296975\n",
      "         (10, 5) :  912.4667991457077\n",
      "         (10, 6) :  808.4719549446988\n",
      "         (10, 7) :  881.5723323999549\n",
      "         (10, 8) :  926.3645130826059\n",
      "         (10, 9) :  943.1662130201299\n",
      "        (10, 10) :        999999999.0\n",
      "        (10, 11) : 1195.7725623479646\n",
      "        (10, 12) :  1130.986271188687\n",
      "        (10, 13) :  800.6757875748842\n",
      "        (10, 14) :  88.05955416790452\n",
      "        (10, 15) :  789.1934355505348\n",
      "        (10, 16) : 1087.3778318153588\n",
      "        (10, 17) : 1102.3558047077395\n",
      "        (10, 18) : 1102.0262979822473\n",
      "        (10, 19) : 1104.6716444544677\n",
      "        (10, 20) :   678.097682636909\n",
      "        (10, 21) :  354.8187826809731\n",
      "        (10, 22) :   819.277372045442\n",
      "        (10, 23) :  681.0885744549635\n",
      "        (10, 24) :  897.0323596465715\n",
      "        (10, 25) :  726.4522349222049\n",
      "        (10, 26) :   728.679780561238\n",
      "        (10, 27) : 1340.3151747528852\n",
      "        (10, 28) : 1106.6497362130938\n",
      "        (10, 29) :   635.244936662671\n",
      "        (10, 30) :  826.0220491706339\n",
      "        (10, 31) : 1551.0675087173925\n",
      "        (10, 32) :  940.1750163837056\n",
      "        (10, 33) : 1431.7729164881187\n",
      "        (10, 34) : 1461.8219286494034\n",
      "        (10, 35) : 1140.6667326476831\n",
      "        (10, 36) : 1591.0193234387693\n",
      "        (10, 37) : 1292.1870859558705\n",
      "        (10, 38) : 1515.0260962874872\n",
      "         (11, 1) : 1237.9197337359349\n",
      "         (11, 2) :   946.943476952674\n",
      "         (11, 3) : 492.02291842260115\n",
      "         (11, 4) :  620.5599377543508\n",
      "         (11, 5) : 423.32646356339825\n",
      "         (11, 6) : 431.65321801587913\n",
      "         (11, 7) :  356.7844894953424\n",
      "         (11, 8) : 273.08541387560916\n",
      "         (11, 9) : 255.22880357208905\n",
      "        (11, 10) : 1195.7725623479646\n",
      "        (11, 11) :        999999999.0\n",
      "        (11, 12) :  69.96477879341072\n",
      "        (11, 13) :  399.7068814522086\n",
      "        (11, 14) : 1147.4909007116623\n",
      "        (11, 15) :  415.3536434157917\n",
      "        (11, 16) : 158.80142137934564\n",
      "        (11, 17) : 159.69202342534444\n",
      "        (11, 18) : 169.97934202734984\n",
      "        (11, 19) : 172.78137259569013\n",
      "        (11, 20) :  610.8408599000742\n",
      "        (11, 21) : 1439.3845692037048\n",
      "        (11, 22) :  525.5817439329136\n",
      "        (11, 23) :  675.7106059138437\n",
      "        (11, 24) : 490.66642736634446\n",
      "        (11, 25) :  682.8153983894781\n",
      "        (11, 26) :  706.8199696964813\n",
      "        (11, 27) :  503.3641259099513\n",
      "        (11, 28) :  559.8794191333883\n",
      "        (11, 29) : 1214.2459126328934\n",
      "        (11, 30) : 1036.7537793814574\n",
      "        (11, 31) :  832.2042511077011\n",
      "        (11, 32) : 1172.6993967438834\n",
      "        (11, 33) :  899.8992361459427\n",
      "        (11, 34) :  904.4618677512339\n",
      "        (11, 35) : 1060.3009539428442\n",
      "        (11, 36) :  929.1760077524162\n",
      "        (11, 37) : 1024.8291374000848\n",
      "        (11, 38) :  1216.421866016664\n",
      "         (12, 1) : 1186.9678817276742\n",
      "         (12, 2) :  896.4363964995716\n",
      "         (12, 3) : 463.56856845616534\n",
      "         (12, 4) :  577.9947770439853\n",
      "         (12, 5) : 394.71241703359004\n",
      "         (12, 6) :  383.2058275060136\n",
      "         (12, 7) : 311.72375807063213\n",
      "         (12, 8) : 215.21236973375673\n",
      "         (12, 9) : 196.85271291056003\n",
      "        (12, 10) :  1130.986271188687\n",
      "        (12, 11) :  69.96477879341072\n",
      "        (12, 12) :        999999999.0\n",
      "        (12, 13) : 332.40537704940243\n",
      "        (12, 14) : 1081.1419803974761\n",
      "        (12, 15) : 347.21923726717307\n",
      "        (12, 16) :  97.94482807014157\n",
      "        (12, 17) : 104.62299360145383\n",
      "        (12, 18) : 116.24155559402936\n",
      "        (12, 19) :  120.3453898751415\n",
      "        (12, 20) :  540.9073937193361\n",
      "        (12, 21) :  1370.594405234636\n",
      "        (12, 22) :  457.6931414748176\n",
      "        (12, 23) :  606.2912289862653\n",
      "        (12, 24) : 426.03731449918536\n",
      "        (12, 25) :   614.422634850023\n",
      "        (12, 26) :  638.7327863206939\n",
      "        (12, 27) :  488.5530079280657\n",
      "        (12, 28) :  513.4326017533443\n",
      "        (12, 29) :  1145.197336345507\n",
      "        (12, 30) :  971.8302011865426\n",
      "        (12, 31) :  818.8773670831317\n",
      "        (12, 32) : 1109.8054578323931\n",
      "        (12, 33) :  870.8237292966819\n",
      "        (12, 34) :  877.7798537774383\n",
      "        (12, 35) : 1006.7673820509526\n",
      "        (12, 36) :  913.1032058552911\n",
      "        (12, 37) :  980.4965053985497\n",
      "        (12, 38) :  1179.007963600997\n",
      "         (13, 1) :  903.3931728506114\n",
      "         (13, 2) :  622.3517788385158\n",
      "         (13, 3) :  370.9827727773074\n",
      "         (13, 4) :  375.4315194414697\n",
      "         (13, 5) :   329.112458283698\n",
      "         (13, 6) : 205.56479701449342\n",
      "         (13, 7) : 206.55257134298637\n",
      "         (13, 8) : 154.47088115065145\n",
      "         (13, 9) : 165.20401444544245\n",
      "        (13, 10) :  800.6757875748842\n",
      "        (13, 11) :  399.7068814522086\n",
      "        (13, 12) : 332.40537704940243\n",
      "        (13, 13) :        999999999.0\n",
      "        (13, 14) :  748.9352631784059\n",
      "        (13, 15) : 23.348192887675538\n",
      "        (13, 16) :  289.1144856430563\n",
      "        (13, 17) :  305.4597916095145\n",
      "        (13, 18) :  306.8755657659923\n",
      "        (13, 19) :  310.2569771402378\n",
      "        (13, 20) : 252.16255281704824\n",
      "        (13, 21) : 1041.1412545885325\n",
      "        (13, 22) :   251.393909305318\n",
      "        (13, 23) :  335.7859075786257\n",
      "        (13, 24) : 283.72532620194465\n",
      "        (13, 25) :  367.7296222249857\n",
      "        (13, 26) :  395.1913991198213\n",
      "        (13, 27) :  633.2983208353206\n",
      "        (13, 28) : 500.08400933132174\n",
      "        (13, 29) :  862.3031400210344\n",
      "        (13, 30) :  748.6885513604996\n",
      "        (13, 31) :  929.9244743194348\n",
      "        (13, 32) :  901.7524814335776\n",
      "        (13, 33) :  904.3769679511402\n",
      "        (13, 34) :  922.7998258888542\n",
      "        (13, 35) :  881.5445086415386\n",
      "        (13, 36) : 1005.3036898045104\n",
      "        (13, 37) :   919.493694494992\n",
      "        (13, 38) : 1148.0305369508294\n",
      "         (14, 1) :  507.7926916725464\n",
      "         (14, 2) :  483.5144322280772\n",
      "         (14, 3) :   866.290718744418\n",
      "         (14, 4) :  702.7022486334963\n",
      "         (14, 5) :  889.6389814878394\n",
      "         (14, 6) :  776.9648629343353\n",
      "         (14, 7) :  847.2697508016344\n",
      "         (14, 8) :  882.0452232534342\n",
      "         (14, 9) :    898.16124139445\n",
      "        (14, 10) :  88.05955416790452\n",
      "        (14, 11) : 1147.4909007116623\n",
      "        (14, 12) : 1081.1419803974761\n",
      "        (14, 13) :  748.9352631784059\n",
      "        (14, 14) :        999999999.0\n",
      "        (14, 15) :  735.6352723796917\n",
      "        (14, 16) : 1031.9121989070084\n",
      "        (14, 17) : 1046.0880100328911\n",
      "        (14, 18) : 1045.0169041370111\n",
      "        (14, 19) : 1047.3662468718494\n",
      "        (14, 20) :  607.3080203337792\n",
      "        (14, 21) :  338.8917258715504\n",
      "        (14, 22) :  747.5355003296454\n",
      "        (14, 23) :   603.866099498442\n",
      "        (14, 24) :  824.8548300297838\n",
      "        (14, 25) :  647.0734666296048\n",
      "        (14, 26) :  647.8412035129767\n",
      "        (14, 27) :  1267.380598430394\n",
      "        (14, 28) : 1029.0894358906503\n",
      "        (14, 29) :  554.1650269371486\n",
      "        (14, 30) :  738.1316072513505\n",
      "        (14, 31) :  1470.341381438047\n",
      "        (14, 32) :  853.6979019152914\n",
      "        (14, 33) :  1347.436953883691\n",
      "        (14, 34) : 1377.7579703504562\n",
      "        (14, 35) : 1052.6233120367465\n",
      "        (14, 36) :  1508.281778402738\n",
      "        (14, 37) : 1204.7363834307205\n",
      "        (14, 38) :  1427.118326816165\n",
      "         (15, 1) :  903.1807647058093\n",
      "         (15, 2) :  624.6199589538123\n",
      "         (15, 3) : 391.35765239282057\n",
      "         (15, 4) :  388.5829110171599\n",
      "         (15, 5) :  350.9951817139654\n",
      "         (15, 6) : 225.01060911888138\n",
      "         (15, 7) :  229.2960503178372\n",
      "         (15, 8) : 176.44484867362817\n",
      "         (15, 9) : 186.38375316655433\n",
      "        (15, 10) :  789.1934355505348\n",
      "        (15, 11) :  415.3536434157917\n",
      "        (15, 12) : 347.21923726717307\n",
      "        (15, 13) : 23.348192887675538\n",
      "        (15, 14) :  735.6352723796917\n",
      "        (15, 15) :        999999999.0\n",
      "        (15, 16) :  298.4814404450145\n",
      "        (15, 17) :  314.0586238818635\n",
      "        (15, 18) : 314.64372699655013\n",
      "        (15, 19) : 317.72258160886173\n",
      "        (15, 20) : 229.01374996460245\n",
      "        (15, 21) : 1024.2977523318582\n",
      "        (15, 22) : 230.53498333921027\n",
      "        (15, 23) : 312.46052661313854\n",
      "        (15, 24) : 266.46669339968145\n",
      "        (15, 25) : 344.48478715358283\n",
      "        (15, 26) :  371.9494642263655\n",
      "        (15, 27) :  628.9563540667978\n",
      "        (15, 28) :  486.9991046649369\n",
      "        (15, 29) :  839.7818718623611\n",
      "        (15, 30) :  725.4153354211644\n",
      "        (15, 31) :  921.1929808342438\n",
      "        (15, 32) :  878.5791581958061\n",
      "        (15, 33) :  890.9448970747062\n",
      "        (15, 34) :  909.9622015009751\n",
      "        (15, 35) :  860.5170348526576\n",
      "        (15, 36) :  995.0348002723753\n",
      "        (15, 37) :   901.040825571011\n",
      "        (15, 38) : 1130.4393089485384\n",
      "         (16, 1) : 1178.8418412907574\n",
      "         (16, 2) :  891.1774809552447\n",
      "         (16, 3) : 503.10067193233965\n",
      "         (16, 4) :  592.4453826574238\n",
      "         (16, 5) : 436.37856626875174\n",
      "         (16, 6) : 392.72327693545486\n",
      "         (16, 7) :  331.8258702585601\n",
      "         (16, 8) : 216.45359126808486\n",
      "         (16, 9) : 199.47013717210805\n",
      "        (16, 10) : 1087.3778318153588\n",
      "        (16, 11) : 158.80142137934564\n",
      "        (16, 12) :  97.94482807014157\n",
      "        (16, 13) :  289.1144856430563\n",
      "        (16, 14) : 1031.9121989070084\n",
      "        (16, 15) :  298.4814404450145\n",
      "        (16, 16) :        999999999.0\n",
      "        (16, 17) :   19.2530109878937\n",
      "        (16, 18) : 27.978486995724783\n",
      "        (16, 19) : 33.337990045141275\n",
      "        (16, 20) :  466.0127924911931\n",
      "        (16, 21) :   1308.76834418264\n",
      "        (16, 22) : 369.90539399443844\n",
      "        (16, 23) :  524.6806292144308\n",
      "        (16, 24) :  331.9640721115019\n",
      "        (16, 25) :  527.8241186673071\n",
      "        (16, 26) :  551.0789685183166\n",
      "        (16, 27) : 422.62462103934377\n",
      "        (16, 28) :  418.4788423048403\n",
      "        (16, 29) : 1060.5199003726539\n",
      "        (16, 30) :  878.0095320603826\n",
      "        (16, 31) :    750.14571953935\n",
      "        (16, 32) : 1014.0953388350249\n",
      "        (16, 33) :  786.6361720745174\n",
      "        (16, 34) :  795.6229229623855\n",
      "        (16, 35) :  908.9586122197215\n",
      "        (16, 36) :  840.8794614554081\n",
      "        (16, 37) :   885.673422408339\n",
      "        (16, 38) :  1087.886780987305\n",
      "         (17, 1) : 1197.2193112261596\n",
      "         (17, 2) :  909.7854729088903\n",
      "         (17, 3) :  521.8084374450942\n",
      "         (17, 4) :   611.688237585128\n",
      "         (17, 5) : 454.91148467464603\n",
      "         (17, 6) : 411.96092809607694\n",
      "         (17, 7) : 351.00438568714503\n",
      "         (17, 8) : 235.70223682530187\n",
      "         (17, 9) : 218.72186416588318\n",
      "        (17, 10) : 1102.3558047077395\n",
      "        (17, 11) : 159.69202342534444\n",
      "        (17, 12) : 104.62299360145383\n",
      "        (17, 13) :  305.4597916095145\n",
      "        (17, 14) : 1046.0880100328911\n",
      "        (17, 15) :  314.0586238818635\n",
      "        (17, 16) :   19.2530109878937\n",
      "        (17, 17) :        999999999.0\n",
      "        (17, 18) : 11.827619382191655\n",
      "        (17, 19) : 16.666699999999764\n",
      "        (17, 20) :  475.5779310546048\n",
      "        (17, 21) : 1320.5530248888929\n",
      "        (17, 22) : 375.16256591536387\n",
      "        (17, 23) :  531.9846114048878\n",
      "        (17, 24) : 333.61858127449926\n",
      "        (17, 25) :   533.179193727079\n",
      "        (17, 26) :  555.9196279450567\n",
      "        (17, 27) :  404.9011012687537\n",
      "        (17, 28) :  408.9400086326833\n",
      "        (17, 29) : 1066.1093343045827\n",
      "        (17, 30) :  879.0551902714699\n",
      "        (17, 31) :  733.0222948414121\n",
      "        (17, 32) : 1013.5197668411712\n",
      "        (17, 33) :  772.5264189936872\n",
      "        (17, 34) :  780.9827337328849\n",
      "        (17, 35) :  903.1070344225324\n",
      "        (17, 36) :  824.2977876522525\n",
      "        (17, 37) :  876.0963658450589\n",
      "        (17, 38) : 1076.2654434561114\n",
      "         (18, 1) : 1201.2191072966534\n",
      "         (18, 2) :   914.280176659268\n",
      "         (18, 3) :  530.9394282836606\n",
      "         (18, 4) :  618.5273406085212\n",
      "         (18, 5) :  464.3006978308135\n",
      "         (18, 6) : 418.76901045479804\n",
      "         (18, 7) : 358.96739119073175\n",
      "         (18, 8) : 242.76779441717656\n",
      "         (18, 9) :  226.0913238407191\n",
      "        (18, 10) : 1102.0262979822473\n",
      "        (18, 11) : 169.97934202734984\n",
